 xbound=0,0.00036793,0.002785982,0.0063966,0.010885882,0.016108661,0.021976839,0.028430432,0.035425919,0.042930471,0.050918734,0.059370855,0.068271215,0.077607568,0.087370432,0.09755266,0.108149123,0.119156479,0.130573001,0.142398458,0.154634028,0.167282245,0.180346976,0.193833415,0.207748104,0.222098981,0.236895437,0.252148417,0.267870527,0.28407619,0.300781824,0.318006071,0.335770075,0.354097816,0.37301654,0.392557266,0.412755441,0.433651747,0.455293139,0.477734175,0.501038752,0.525282414,0.550555477,0.576967346,0.604652654,0.633780253,0.664566862,0.697298778,0.732368343,0.770339851,0.81208065,0.859060414,0.914197789,0.985464855,1.003759661,1.024867041,1.051059667,1.146011828,1.186359116,1.158342372,1.132418845,1.107639897,1.083579594,1.059997962,1.036742756,1.013709968,0.990824899,0.96803199,0.945288887,0.922562769,0.899827959,0.877064329,0.854256184,0.831391484,0.808461278,0.785459306,0.762381697,0.739226766,0.715994861,0.692688262,0.669311121,0.64586942,0.622370968,0.598825403,0.575244213,0.551640774,0.528030391,0.504430346,0.480859952,0.457340613,0.433895878,0.410551496,0.387335477,0.364278136,0.341412149,0.318772592,0.296396986,0.274325347,0.252600229,0.23126679,0.210372876,0.189969143,0.170109232,0.150850038,0.132252107,0.114380227,0.097304315,0.081100768,0.06585453,0.051662391,0.038638444,0.026923778,0.016705527,0.00826108,0.002099807,0
 ybound=1.693000468,1.7,1.72,1.74,1.76,1.78,1.8,1.82,1.84,1.86,1.88,1.9,1.92,1.94,1.96,1.98,2,2.02,2.04,2.06,2.08,2.1,2.12,2.14,2.16,2.18,2.2,2.22,2.24,2.26,2.28,2.3,2.32,2.34,2.36,2.38,2.4,2.42,2.44,2.46,2.48,2.5,2.52,2.54,2.56,2.58,2.6,2.62,2.64,2.66,2.68,2.7,2.72,2.74,2.744,2.748,2.752,2.756,2.76,2.78,2.8,2.82,2.84,2.86,2.88,2.9,2.92,2.94,2.96,2.98,3,3.02,3.04,3.06,3.08,3.1,3.12,3.14,3.16,3.18,3.2,3.22,3.24,3.26,3.28,3.3,3.32,3.34,3.36,3.38,3.4,3.42,3.44,3.46,3.48,3.5,3.52,3.54,3.56,3.58,3.6,3.62,3.64,3.66,3.68,3.7,3.72,3.74,3.76,3.78,3.8,3.82,3.84,3.86,3.88,3.893418008
