 xbound=0,0.000786248,0.004425744,0.009702867,0.016240765,0.023860602,0.032454713,0.041951289,0.052299819,0.063463839,0.075416879,0.088139999,0.101620238,0.115849572,0.130824239,0.146544271,0.163013212,0.180237945,0.198228633,0.216998736,0.23656512,0.256948238,0.278172396,0.300266117,0.323262603,0.347200336,0.372123832,0.39808459,0.425142303,0.453366401,0.482838038,0.513652692,0.545923595,0.579786379,0.615405447,0.652982979,0.692771983,0.735095918,0.780379417,0.829198961,0.882372136,0.941129089,1.007483953,1.085198732,1.183206464,1.344129529,1.61577108,1.606067584,1.596522076,1.587115545,1.577832873,1.53291016,1.489856964,1.44816216,1.407522047,1.367737569,1.32867007,1.290219026,1.252309592,1.214885098,1.177902267,1.141328015,1.105137233,1.069311215,1.033836491,0.998703961,0.96390823,0.92944709,0.895321106,0.861533288,0.828088815,0.794994812,0.762260155,0.729895308,0.697912182,0.666324004,0.635145209,0.604391335,0.574078937,0.544225499,0.514849364,0.485969667,0.457606278,0.429779755,0.402511306,0.375822764,0.349736577,0.324275812,0.299464182,0.275326097,0.251886739,0.229172184,0.207209559,0.186027265,0.165655272,0.146125517,0.12747244,0.109733709,0.092951225,0.077172549,0.062452972,0.048858688,0.036471883,0.025399586,0.015790786,0.007875652,0.002088962,0
 ybound=4.890724809,4.9,4.92,4.94,4.96,4.98,5,5.02,5.04,5.06,5.08,5.1,5.12,5.14,5.16,5.18,5.2,5.22,5.24,5.26,5.28,5.3,5.32,5.34,5.36,5.38,5.4,5.42,5.44,5.46,5.48,5.5,5.52,5.54,5.56,5.58,5.6,5.62,5.64,5.66,5.68,5.7,5.72,5.74,5.76,5.78,5.784,5.788,5.792,5.796,5.8,5.82,5.84,5.86,5.88,5.9,5.92,5.94,5.96,5.98,6,6.02,6.04,6.06,6.08,6.1,6.12,6.14,6.16,6.18,6.2,6.22,6.24,6.26,6.28,6.3,6.32,6.34,6.36,6.38,6.4,6.42,6.44,6.46,6.48,6.5,6.52,6.54,6.56,6.58,6.6,6.62,6.64,6.66,6.68,6.7,6.72,6.74,6.76,6.78,6.8,6.82,6.84,6.86,6.88,6.9,6.92,6.934122191
