 xbound=0,-0.0009781,-0.00431675,-0.008985754,-0.01469286,-0.021291026,-0.028689014,-0.036824478,-0.045652492,-0.055139706,-0.065261024,-0.075997554,-0.087335292,-0.099264228,-0.11177774,-0.124872162,-0.1385465,-0.152802234,-0.167643198,-0.183075526,-0.19910765,-0.215750354,-0.233016862,-0.25092299,-0.269487354,-0.288731628,-0.308680884,-0.329364016,-0.35081427,-0.373069904,-0.396175036,-0.420180684,-0.445146132,-0.471140662,-0.498245846,-0.52655859,-0.556195256,-0.5872974,-0.62003991,-0.654642986,-0.69139037,-0.730658392,-0.772964954,-0.81905831,-0.870094426,-0.92804384,-0.996850752,-1.087430014,-1.098874878,-1.111086932,-1.124256752,-1.138671304,-1.154800466,-1.173520086,-1.196891698,-1.291369498,-1.386431302,-1.38282183,-1.348193616,-1.315387574,-1.28374805,-1.252928222,-1.222714726,-1.192964398,-1.163575648,-1.134473606,-1.105601632,-1.076916148,-1.048383304,-1.01997674,-0.991676052,-0.96346568,-0.935334124,-0.907273348,-0.879278344,-0.851346802,-0.823478862,-0.795676914,-0.76794546,-0.740290998,-0.712721936,-0.68524852,-0.657882798,-0.630638564,-0.603531332,-0.576578308,-0.54979837,-0.523212036,-0.496841452,-0.470710366,-0.444844096,-0.419269522,-0.394015038,-0.369110552,-0.34458744,-0.320478548,-0.296818164,-0.273642042,-0.25098741,-0.228893032,-0.207399302,-0.186548386,-0.166384458,-0.146954026,-0.128306414,-0.110494452,-0.093575488,-0.077612852,-0.062678078,-0.048854354,-0.036242198,-0.024969502,-0.015211418,-0.007237434,-0.001570542,0
 ybound=2.808142966,2.82,2.84,2.86,2.88,2.9,2.92,2.94,2.96,2.98,3,3.02,3.04,3.06,3.08,3.1,3.12,3.14,3.16,3.18,3.2,3.22,3.24,3.26,3.28,3.3,3.32,3.34,3.36,3.38,3.4,3.42,3.44,3.46,3.48,3.5,3.52,3.54,3.56,3.58,3.6,3.62,3.64,3.66,3.68,3.7,3.72,3.74,3.742,3.744,3.746,3.748,3.75,3.752,3.754,3.756,3.758,3.76,3.78,3.8,3.82,3.84,3.86,3.88,3.9,3.92,3.94,3.96,3.98,4,4.02,4.04,4.06,4.08,4.1,4.12,4.14,4.16,4.18,4.2,4.22,4.24,4.26,4.28,4.3,4.32,4.34,4.36,4.38,4.4,4.42,4.44,4.46,4.48,4.5,4.52,4.54,4.56,4.58,4.6,4.62,4.64,4.66,4.68,4.7,4.72,4.74,4.76,4.78,4.8,4.82,4.84,4.86,4.88,4.9,4.911334438
