 xbound=0,0.002240208,0.006522536,0.012126205,0.018815824,0.026461184,0.034978619,0.04431022,0.054414275,0.065260181,0.076825464,0.089093917,0.102054393,0.115699988,0.130027493,0.145037027,0.160731802,0.177117992,0.19420468,0.212003892,0.230530685,0.249803313,0.269843463,0.290676571,0.312332232,0.33484472,0.358253645,0.382604784,0.407951123,0.434354199,0.46188581,0.490630244,0.520687226,0.55217586,0.585240039,0.62005602,0.656843332,0.695881034,0.737532889,0.782288345,0.830833492,0.884184259,0.943965762,1.013101493,1.098040677,1.222001669,1.261502164,1.32824871,1.514946663,1.506586043,1.498343366,1.458514751,1.420370623,1.383406858,1.347330407,1.311951377,1.277138264,1.242795932,1.208853515,1.17525721,1.141965733,1.108947311,1.076177618,1.043638315,1.011315993,0.979201388,0.947288786,0.915575572,0.884061871,0.852750274,0.821645606,0.79075475,0.76008649,0.729651387,0.69946167,0.669531136,0.639875073,0.610510175,0.581454476,0.552727278,0.524349095,0.496341587,0.468727506,0.441530645,0.414775789,0.388488674,0.362695955,0.337425183,0.312704797,0.288564139,0.265033481,0.242144095,0.219928356,0.198419898,0.177653833,0.157667067,0.138498725,0.120190751,0.102788742,0.086343121,0.070910853,0.056558008,0.043363781,0.031427209,0.020879429,0.01190917,0.004828969,0.000363185,0
 ybound=3.860667331,3.88,3.9,3.92,3.94,3.96,3.98,4,4.02,4.04,4.06,4.08,4.1,4.12,4.14,4.16,4.18,4.2,4.22,4.24,4.26,4.28,4.3,4.32,4.34,4.36,4.38,4.4,4.42,4.44,4.46,4.48,4.5,4.52,4.54,4.56,4.58,4.6,4.62,4.64,4.66,4.68,4.7,4.72,4.74,4.76,4.764,4.768,4.772,4.776,4.78,4.8,4.82,4.84,4.86,4.88,4.9,4.92,4.94,4.96,4.98,5,5.02,5.04,5.06,5.08,5.1,5.12,5.14,5.16,5.18,5.2,5.22,5.24,5.26,5.28,5.3,5.32,5.34,5.36,5.38,5.4,5.42,5.44,5.46,5.48,5.5,5.52,5.54,5.56,5.58,5.6,5.62,5.64,5.66,5.68,5.7,5.72,5.74,5.76,5.78,5.8,5.82,5.84,5.86,5.88,5.9,5.92,5.924348081
